<?xml version="1.0" encoding="UTF-8"?>
<COLLADA xmlns="http://www.collada.org/2005/11/COLLADASchema" version="1.4.1">
 <asset>
  <contributor>
   <authoring_tool>SceneKit Collada Exporter v1.0</authoring_tool>
  </contributor>
  <created>2018-05-26T22:27:54Z</created>
  <modified>2018-05-26T22:27:54Z</modified>
  <unit meter="1.000000"/>
  <up_axis>Z_UP</up_axis>
 </asset>
 <library_animations>
  <animation id="BaseIdle-1" name="BaseIdle-1">
   <animation id="keyframedAnimations1">
    <source id="genericSource2">
     <float_array id="BaseIdle-13-array" count="3">0 1.66667 3.33333 </float_array>
     <technique_common>
      <accessor source="#BaseIdle-13-array" count="3" stride="1">
       <param name="TIME" type="float"/>
      </accessor>
     </technique_common>
    </source>
    <source id="genericSource4">
     <float_array id="BaseIdle-15-array" count="48">1 -2.03423e-07 1.58605e-07 7.45058e-09 1.56572e-07 -0.0208508 -0.999783 1.35499 2.05543e-07 0.999783 -0.0208507 0 0 0 0 1 1 -2.03423e-07 1.58605e-07 7.45058e-09 1.56572e-07 -0.0208508 -0.999783 1.35499 2.05543e-07 0.999783 -0.0208507 0 0 0 0 1 1 -2.03423e-07 1.58605e-07 7.45058e-09 1.56572e-07 -0.0208508 -0.999783 1.35499 2.05543e-07 0.999783 -0.0208507 0 0 0 0 1 </float_array>
     <technique_common>
      <accessor source="#BaseIdle-15-array" count="3" stride="16">
       <param name="TRANSFORM" type="float4x4"/>
      </accessor>
     </technique_common>
    </source>
    <sampler id="BaseIdle-16">
     <input semantic="INPUT" source="#genericSource2"/>
     <input semantic="OUTPUT" source="#genericSource4"/>
    </sampler>
    <channel source="#BaseIdle-16" target="Pelvis/SID_1"/>
   </animation>
   <animation id="keyframedAnimations7">
    <source id="genericSource8">
     <float_array id="BaseIdle-19-array" count="3">0 1.66667 3.33333 </float_array>
     <technique_common>
      <accessor source="#BaseIdle-19-array" count="3" stride="1">
       <param name="TIME" type="float"/>
      </accessor>
     </technique_common>
    </source>
    <source id="genericSource10">
     <float_array id="BaseIdle-111-array" count="48">0.994786 -0.077092 -0.0667678 0.133269 0.101468 0.814056 0.571854 0.799467 0.0102674 -0.575647 0.817634 0.0275302 0 0 0 1 0.994786 -0.077092 -0.0667678 0.133269 0.101468 0.814056 0.571854 0.799467 0.0102674 -0.575647 0.817634 0.0275302 0 0 0 1 0.994786 -0.077092 -0.0667678 0.133269 0.101468 0.814056 0.571854 0.799467 0.0102674 -0.575647 0.817634 0.0275302 0 0 0 1 </float_array>
     <technique_common>
      <accessor source="#BaseIdle-111-array" count="3" stride="16">
       <param name="TRANSFORM" type="float4x4"/>
      </accessor>
     </technique_common>
    </source>
    <sampler id="BaseIdle-112">
     <input semantic="INPUT" source="#genericSource8"/>
     <input semantic="OUTPUT" source="#genericSource10"/>
    </sampler>
    <channel source="#BaseIdle-112" target="Index1_L/SID_2"/>
   </animation>
   <animation id="keyframedAnimations13">
    <source id="genericSource14">
     <float_array id="BaseIdle-115-array" count="3">0 1.66667 3.33333 </float_array>
     <technique_common>
      <accessor source="#BaseIdle-115-array" count="3" stride="1">
       <param name="TIME" type="float"/>
      </accessor>
     </technique_common>
    </source>
    <source id="genericSource16">
     <float_array id="BaseIdle-117-array" count="48">1 2.98023e-08 -8.19564e-08 0 -4.47035e-08 0.997144 0.0755236 0.250378 1.3411e-07 -0.0755238 0.997144 0 0 0 0 1 1 2.98023e-08 -8.19564e-08 0 -4.47035e-08 0.997144 0.0755236 0.250378 1.3411e-07 -0.0755238 0.997144 0 0 0 0 1 1 2.98023e-08 -8.19564e-08 0 -4.47035e-08 0.997144 0.0755236 0.250378 1.3411e-07 -0.0755238 0.997144 0 0 0 0 1 </float_array>
     <technique_common>
      <accessor source="#BaseIdle-117-array" count="3" stride="16">
       <param name="TRANSFORM" type="float4x4"/>
      </accessor>
     </technique_common>
    </source>
    <sampler id="BaseIdle-118">
     <input semantic="INPUT" source="#genericSource14"/>
     <input semantic="OUTPUT" source="#genericSource16"/>
    </sampler>
    <channel source="#BaseIdle-118" target="Middle3_L/SID_3"/>
   </animation>
   <animation id="keyframedAnimations19">
    <source id="genericSource20">
     <float_array id="BaseIdle-121-array" count="3">0 1.66667 3.33333 </float_array>
     <technique_common>
      <accessor source="#BaseIdle-121-array" count="3" stride="1">
       <param name="TIME" type="float"/>
      </accessor>
     </technique_common>
    </source>
    <source id="genericSource22">
     <float_array id="BaseIdle-123-array" count="48">0.993649 -0.101585 -0.0483549 -5.96046e-08 0.0522301 0.0356563 0.997996 2.58512 -0.0996877 -0.994021 0.0406629 0 0 0 0 1 0.993649 -0.101585 -0.0483549 -5.96046e-08 0.0522301 0.0356563 0.997996 2.58512 -0.0996877 -0.994021 0.0406629 0 0 0 0 1 0.993649 -0.101585 -0.0483549 -5.96046e-08 0.0522301 0.0356563 0.997996 2.58512 -0.0996877 -0.994021 0.0406629 0 0 0 0 1 </float_array>
     <technique_common>
      <accessor source="#BaseIdle-123-array" count="3" stride="16">
       <param name="TRANSFORM" type="float4x4"/>
      </accessor>
     </technique_common>
    </source>
    <sampler id="BaseIdle-124">
     <input semantic="INPUT" source="#genericSource20"/>
     <input semantic="OUTPUT" source="#genericSource22"/>
    </sampler>
    <channel source="#BaseIdle-124" target="Foot_L/SID_4"/>
   </animation>
   <animation id="keyframedAnimations25">
    <source id="genericSource26">
     <float_array id="BaseIdle-127-array" count="3">0 1.66667 3.33333 </float_array>
     <technique_common>
      <accessor source="#BaseIdle-127-array" count="3" stride="1">
       <param name="TIME" type="float"/>
      </accessor>
     </technique_common>
    </source>
    <source id="genericSource28">
     <float_array id="BaseIdle-129-array" count="48">0.113852 0.937898 -0.328159 -1.90735e-06 -0.021275 0.332526 0.942693 0.676363 0.993275 -0.100338 0.05779 -1.78814e-07 0 0 0 1 0.0675878 0.973593 -0.218785 0 -0.0563165 0.222652 0.973115 0.676363 0.996124 -0.0534414 0.0698533 0 0 0 0 1 0.113852 0.937898 -0.328159 -1.90735e-06 -0.021275 0.332526 0.942693 0.676363 0.993275 -0.100338 0.05779 -1.78814e-07 0 0 0 1 </float_array>
     <technique_common>
      <accessor source="#BaseIdle-129-array" count="3" stride="16">
       <param name="TRANSFORM" type="float4x4"/>
      </accessor>
     </technique_common>
    </source>
    <sampler id="BaseIdle-130">
     <input semantic="INPUT" source="#genericSource26"/>
     <input semantic="OUTPUT" source="#genericSource28"/>
    </sampler>
    <channel source="#BaseIdle-130" target="Bicep_L/SID_5"/>
   </animation>
   <animation id="keyframedAnimations31">
    <source id="genericSource32">
     <float_array id="BaseIdle-133-array" count="3">0 1.66667 3.33333 </float_array>
     <technique_common>
      <accessor source="#BaseIdle-133-array" count="3" stride="1">
       <param name="TIME" type="float"/>
      </accessor>
     </technique_common>
    </source>
    <source id="genericSource34">
     <float_array id="BaseIdle-135-array" count="48">1 3.18885e-06 -5.70789e-05 5.96046e-08 2.98023e-08 0.998393 0.0566755 0.276955 5.71087e-05 -0.0566751 0.998393 1.19209e-07 0 0 0 1 1 3.18885e-06 -5.70789e-05 5.96046e-08 2.98023e-08 0.998393 0.0566755 0.276955 5.71087e-05 -0.0566751 0.998393 1.19209e-07 0 0 0 1 1 3.18885e-06 -5.70789e-05 5.96046e-08 2.98023e-08 0.998393 0.0566755 0.276955 5.71087e-05 -0.0566751 0.998393 1.19209e-07 0 0 0 1 </float_array>
     <technique_common>
      <accessor source="#BaseIdle-135-array" count="3" stride="16">
       <param name="TRANSFORM" type="float4x4"/>
      </accessor>
     </technique_common>
    </source>
    <sampler id="BaseIdle-136">
     <input semantic="INPUT" source="#genericSource32"/>
     <input semantic="OUTPUT" source="#genericSource34"/>
    </sampler>
    <channel source="#BaseIdle-136" target="Index2_L/SID_6"/>
   </animation>
   <animation id="keyframedAnimations37">
    <source id="genericSource38">
     <float_array id="BaseIdle-139-array" count="3">0 1.66667 3.33333 </float_array>
     <technique_common>
      <accessor source="#BaseIdle-139-array" count="3" stride="1">
       <param name="TIME" type="float"/>
      </accessor>
     </technique_common>
    </source>
    <source id="genericSource40">
     <float_array id="BaseIdle-141-array" count="48">0.919423 -0.392618 -0.02264 2.38419e-07 0.392606 0.919692 -0.00514971 0.24559 0.0228438 -0.00415431 0.99973 1.78814e-07 0 0 0 1 0.919423 -0.392618 -0.02264 2.38419e-07 0.392606 0.919692 -0.00514971 0.24559 0.0228438 -0.00415431 0.99973 1.78814e-07 0 0 0 1 0.919423 -0.392618 -0.02264 2.38419e-07 0.392606 0.919692 -0.00514971 0.24559 0.0228438 -0.00415431 0.99973 1.78814e-07 0 0 0 1 </float_array>
     <technique_common>
      <accessor source="#BaseIdle-141-array" count="3" stride="16">
       <param name="TRANSFORM" type="float4x4"/>
      </accessor>
     </technique_common>
    </source>
    <sampler id="BaseIdle-142">
     <input semantic="INPUT" source="#genericSource38"/>
     <input semantic="OUTPUT" source="#genericSource40"/>
    </sampler>
    <channel source="#BaseIdle-142" target="Thumb3_L/SID_7"/>
   </animation>
   <animation id="keyframedAnimations43">
    <source id="genericSource44">
     <float_array id="BaseIdle-145-array" count="3">0 1.66667 3.33333 </float_array>
     <technique_common>
      <accessor source="#BaseIdle-145-array" count="3" stride="1">
       <param name="TIME" type="float"/>
      </accessor>
     </technique_common>
    </source>
    <source id="genericSource46">
     <float_array id="BaseIdle-147-array" count="48">0.995816 -0.0811371 0.0420326 -2.38419e-07 0.0751437 0.988852 0.128549 0.250378 -0.0519941 -0.124852 0.990812 -1.19209e-07 0 0 0 1 0.995816 -0.0811371 0.0420326 -2.38419e-07 0.0751437 0.988852 0.128549 0.250378 -0.0519941 -0.124852 0.990812 -1.19209e-07 0 0 0 1 0.995816 -0.0811371 0.0420326 -2.38419e-07 0.0751437 0.988852 0.128549 0.250378 -0.0519941 -0.124852 0.990812 -1.19209e-07 0 0 0 1 </float_array>
     <technique_common>
      <accessor source="#BaseIdle-147-array" count="3" stride="16">
       <param name="TRANSFORM" type="float4x4"/>
      </accessor>
     </technique_common>
    </source>
    <sampler id="BaseIdle-148">
     <input semantic="INPUT" source="#genericSource44"/>
     <input semantic="OUTPUT" source="#genericSource46"/>
    </sampler>
    <channel source="#BaseIdle-148" target="Middle3_R/SID_8"/>
   </animation>
   <animation id="keyframedAnimations49">
    <source id="genericSource50">
     <float_array id="BaseIdle-151-array" count="3">0 1.66667 3.33333 </float_array>
     <technique_common>
      <accessor source="#BaseIdle-151-array" count="3" stride="1">
       <param name="TIME" type="float"/>
      </accessor>
     </technique_common>
    </source>
    <source id="genericSource52">
     <float_array id="BaseIdle-153-array" count="48">1 -4.93871e-09 1.72493e-07 0 8.87038e-09 0.999767 -0.0215937 1.59535 -1.7233e-07 0.0215937 0.999767 0 0 0 0 1 1 -3.09232e-08 1.74453e-07 0 5.36472e-08 0.991437 -0.130584 1.59535 -1.68905e-07 0.130584 0.991437 0 0 0 0 1 1 -4.93871e-09 1.72493e-07 0 8.87038e-09 0.999767 -0.0215937 1.59535 -1.7233e-07 0.0215937 0.999767 0 0 0 0 1 </float_array>
     <technique_common>
      <accessor source="#BaseIdle-153-array" count="3" stride="16">
       <param name="TRANSFORM" type="float4x4"/>
      </accessor>
     </technique_common>
    </source>
    <sampler id="BaseIdle-154">
     <input semantic="INPUT" source="#genericSource50"/>
     <input semantic="OUTPUT" source="#genericSource52"/>
    </sampler>
    <channel source="#BaseIdle-154" target="Neck/SID_9"/>
   </animation>
   <animation id="keyframedAnimations55">
    <source id="genericSource56">
     <float_array id="BaseIdle-157-array" count="3">0 1.66667 3.33333 </float_array>
     <technique_common>
      <accessor source="#BaseIdle-157-array" count="3" stride="1">
       <param name="TIME" type="float"/>
      </accessor>
     </technique_common>
    </source>
    <source id="genericSource58">
     <float_array id="BaseIdle-159-array" count="48">0.972673 -0.133594 0.189895 0.108689 0.0676719 0.94549 0.318541 0.730353 -0.222099 -0.296985 0.928693 0.0939136 0 0 0 1 0.972673 -0.133594 0.189895 0.108689 0.0676719 0.94549 0.318541 0.730353 -0.222099 -0.296985 0.928693 0.0939136 0 0 0 1 0.972673 -0.133594 0.189895 0.108689 0.0676719 0.94549 0.318541 0.730353 -0.222099 -0.296985 0.928693 0.0939136 0 0 0 1 </float_array>
     <technique_common>
      <accessor source="#BaseIdle-159-array" count="3" stride="16">
       <param name="TRANSFORM" type="float4x4"/>
      </accessor>
     </technique_common>
    </source>
    <sampler id="BaseIdle-160">
     <input semantic="INPUT" source="#genericSource56"/>
     <input semantic="OUTPUT" source="#genericSource58"/>
    </sampler>
    <channel source="#BaseIdle-160" target="Middle1_R/SID_10"/>
   </animation>
   <animation id="keyframedAnimations61">
    <source id="genericSource62">
     <float_array id="BaseIdle-163-array" count="3">0 1.66667 3.33333 </float_array>
     <technique_common>
      <accessor source="#BaseIdle-163-array" count="3" stride="1">
       <param name="TIME" type="float"/>
      </accessor>
     </technique_common>
    </source>
    <source id="genericSource64">
     <float_array id="BaseIdle-165-array" count="48">1 2.25223e-09 9.04768e-08 0 -7.29198e-09 0.996536 0.0831668 1.00937 -8.98309e-08 -0.0831668 0.996536 1.19209e-07 0 0 0 1 1 -1.36857e-08 9.10912e-08 0 1.83988e-08 0.999698 -0.0245919 1.00937 -9.05819e-08 0.0245919 0.999698 1.19209e-07 0 0 0 1 1 2.25223e-09 9.04768e-08 0 -7.29198e-09 0.996536 0.0831668 1.00937 -8.98309e-08 -0.0831668 0.996536 1.19209e-07 0 0 0 1 </float_array>
     <technique_common>
      <accessor source="#BaseIdle-165-array" count="3" stride="16">
       <param name="TRANSFORM" type="float4x4"/>
      </accessor>
     </technique_common>
    </source>
    <sampler id="BaseIdle-166">
     <input semantic="INPUT" source="#genericSource62"/>
     <input semantic="OUTPUT" source="#genericSource64"/>
    </sampler>
    <channel source="#BaseIdle-166" target="Chest/SID_11"/>
   </animation>
   <animation id="keyframedAnimations67">
    <source id="genericSource68">
     <float_array id="BaseIdle-169-array" count="3">0 1.66667 3.33333 </float_array>
     <technique_common>
      <accessor source="#BaseIdle-169-array" count="3" stride="1">
       <param name="TIME" type="float"/>
      </accessor>
     </technique_common>
    </source>
    <source id="genericSource70">
     <float_array id="BaseIdle-171-array" count="48">0.996187 -0.0604142 -0.0629336 0 0.0635721 0.996751 0.0494458 1.24379 0.0597421 -0.0532577 0.996792 0 0 0 0 1 0.996187 -0.0604142 -0.0629336 0 0.0635721 0.996751 0.0494458 1.24379 0.0597421 -0.0532577 0.996792 0 0 0 0 1 0.996187 -0.0604142 -0.0629336 0 0.0635721 0.996751 0.0494458 1.24379 0.0597421 -0.0532577 0.996792 0 0 0 0 1 </float_array>
     <technique_common>
      <accessor source="#BaseIdle-171-array" count="3" stride="16">
       <param name="TRANSFORM" type="float4x4"/>
      </accessor>
     </technique_common>
    </source>
    <sampler id="BaseIdle-172">
     <input semantic="INPUT" source="#genericSource68"/>
     <input semantic="OUTPUT" source="#genericSource70"/>
    </sampler>
    <channel source="#BaseIdle-172" target="Palm_R/SID_12"/>
   </animation>
   <animation id="keyframedAnimations73">
    <source id="genericSource74">
     <float_array id="BaseIdle-175-array" count="3">0 1.66667 3.33333 </float_array>
     <technique_common>
      <accessor source="#BaseIdle-175-array" count="3" stride="1">
       <param name="TIME" type="float"/>
      </accessor>
     </technique_common>
    </source>
    <source id="genericSource76">
     <float_array id="BaseIdle-177-array" count="48">0.00721952 0.995273 0.0968525 0.251798 -0.99855 0.0123423 -0.0523983 1.2223 -0.0533459 -0.0963338 0.993918 0.0442256 0 0 0 1 0.112836 0.988495 0.100725 0.251798 -0.992184 0.117529 -0.0419219 1.2223 -0.0532777 -0.0952076 0.994031 0.0442256 0 0 0 1 0.00721952 0.995273 0.0968525 0.251798 -0.99855 0.0123423 -0.0523983 1.2223 -0.0533459 -0.0963338 0.993918 0.0442256 0 0 0 1 </float_array>
     <technique_common>
      <accessor source="#BaseIdle-177-array" count="3" stride="16">
       <param name="TRANSFORM" type="float4x4"/>
      </accessor>
     </technique_common>
    </source>
    <sampler id="BaseIdle-178">
     <input semantic="INPUT" source="#genericSource74"/>
     <input semantic="OUTPUT" source="#genericSource76"/>
    </sampler>
    <channel source="#BaseIdle-178" target="Shoulder_L/SID_13"/>
   </animation>
   <animation id="keyframedAnimations79">
    <source id="genericSource80">
     <float_array id="BaseIdle-181-array" count="3">0 1.66667 3.33333 </float_array>
     <technique_common>
      <accessor source="#BaseIdle-181-array" count="3" stride="1">
       <param name="TIME" type="float"/>
      </accessor>
     </technique_common>
    </source>
    <source id="genericSource82">
     <float_array id="BaseIdle-183-array" count="48">0.911628 0.365045 0.188882 -4.76837e-07 -0.317863 0.917501 -0.23907 0.231915 -0.260571 0.157905 0.952454 5.96046e-08 0 0 0 1 0.911628 0.365045 0.188882 -4.76837e-07 -0.317863 0.917501 -0.23907 0.231915 -0.260571 0.157905 0.952454 5.96046e-08 0 0 0 1 0.911628 0.365045 0.188882 -4.76837e-07 -0.317863 0.917501 -0.23907 0.231915 -0.260571 0.157905 0.952454 5.96046e-08 0 0 0 1 </float_array>
     <technique_common>
      <accessor source="#BaseIdle-183-array" count="3" stride="16">
       <param name="TRANSFORM" type="float4x4"/>
      </accessor>
     </technique_common>
    </source>
    <sampler id="BaseIdle-184">
     <input semantic="INPUT" source="#genericSource80"/>
     <input semantic="OUTPUT" source="#genericSource82"/>
    </sampler>
    <channel source="#BaseIdle-184" target="Thumb2_R/SID_14"/>
   </animation>
   <animation id="keyframedAnimations85">
    <source id="genericSource86">
     <float_array id="BaseIdle-187-array" count="3">0 1.66667 3.33333 </float_array>
     <technique_common>
      <accessor source="#BaseIdle-187-array" count="3" stride="1">
       <param name="TIME" type="float"/>
      </accessor>
     </technique_common>
    </source>
    <source id="genericSource88">
     <float_array id="BaseIdle-189-array" count="48">0.165114 -0.912253 0.375265 0 -0.0523677 0.371838 0.926662 0.676364 -0.984892 -0.17265 0.0136155 -5.96046e-08 0 0 0 1 0.067681 -0.971457 0.22804 0 0.0157857 0.229571 0.973014 0.676363 -0.997584 -0.0622462 0.0308612 0 0 0 0 1 0.165114 -0.912253 0.375265 0 -0.0523677 0.371838 0.926662 0.676364 -0.984892 -0.17265 0.0136155 -5.96046e-08 0 0 0 1 </float_array>
     <technique_common>
      <accessor source="#BaseIdle-189-array" count="3" stride="16">
       <param name="TRANSFORM" type="float4x4"/>
      </accessor>
     </technique_common>
    </source>
    <sampler id="BaseIdle-190">
     <input semantic="INPUT" source="#genericSource86"/>
     <input semantic="OUTPUT" source="#genericSource88"/>
    </sampler>
    <channel source="#BaseIdle-190" target="Bicep_R/SID_15"/>
   </animation>
   <animation id="keyframedAnimations91">
    <source id="genericSource92">
     <float_array id="BaseIdle-193-array" count="3">0 1.66667 3.33333 </float_array>
     <technique_common>
      <accessor source="#BaseIdle-193-array" count="3" stride="1">
       <param name="TIME" type="float"/>
      </accessor>
     </technique_common>
    </source>
    <source id="genericSource94">
     <float_array id="BaseIdle-195-array" count="48">0.999337 -0.0322952 0.0168215 -0.564175 0.0280662 0.977369 0.209622 0.673398 -0.023215 -0.209047 0.977627 0.0790436 0 0 0 1 0.999337 -0.0322952 0.0168215 -0.564175 0.0280662 0.977369 0.209622 0.673398 -0.023215 -0.209047 0.977627 0.0790436 0 0 0 1 0.999337 -0.0322952 0.0168215 -0.564175 0.0280662 0.977369 0.209622 0.673398 -0.023215 -0.209047 0.977627 0.0790436 0 0 0 1 </float_array>
     <technique_common>
      <accessor source="#BaseIdle-195-array" count="3" stride="16">
       <param name="TRANSFORM" type="float4x4"/>
      </accessor>
     </technique_common>
    </source>
    <sampler id="BaseIdle-196">
     <input semantic="INPUT" source="#genericSource92"/>
     <input semantic="OUTPUT" source="#genericSource94"/>
    </sampler>
    <channel source="#BaseIdle-196" target="Thigh_R/SID_16"/>
   </animation>
   <animation id="keyframedAnimations97">
    <source id="genericSource98">
     <float_array id="BaseIdle-199-array" count="3">0 1.66667 3.33333 </float_array>
     <technique_common>
      <accessor source="#BaseIdle-199-array" count="3" stride="1">
       <param name="TIME" type="float"/>
      </accessor>
     </technique_common>
    </source>
    <source id="genericSource100">
     <float_array id="BaseIdle-1101-array" count="48">0.998846 0.0406381 0.025578 5.96046e-08 -0.024689 -0.0224017 0.999437 2.58512 0.0411998 -0.998758 -0.0214314 0 0 0 0 1 0.998846 0.0406381 0.025578 5.96046e-08 -0.024689 -0.0224017 0.999437 2.58512 0.0411998 -0.998758 -0.0214314 0 0 0 0 1 0.998846 0.0406381 0.025578 5.96046e-08 -0.024689 -0.0224017 0.999437 2.58512 0.0411998 -0.998758 -0.0214314 0 0 0 0 1 </float_array>
     <technique_common>
      <accessor source="#BaseIdle-1101-array" count="3" stride="16">
       <param name="TRANSFORM" type="float4x4"/>
      </accessor>
     </technique_common>
    </source>
    <sampler id="BaseIdle-1102">
     <input semantic="INPUT" source="#genericSource98"/>
     <input semantic="OUTPUT" source="#genericSource100"/>
    </sampler>
    <channel source="#BaseIdle-1102" target="Foot_R/SID_17"/>
   </animation>
   <animation id="keyframedAnimations103">
    <source id="genericSource104">
     <float_array id="BaseIdle-1105-array" count="3">0 1.66667 3.33333 </float_array>
     <technique_common>
      <accessor source="#BaseIdle-1105-array" count="3" stride="1">
       <param name="TIME" type="float"/>
      </accessor>
     </technique_common>
    </source>
    <source id="genericSource106">
     <float_array id="BaseIdle-1107-array" count="48">1 -3.92307e-08 1.55278e-07 -1.62933 3.50295e-10 -0.972363 -0.233474 1.45711 1.59003e-07 0.233475 -0.972365 0.252591 0 0 0 1 1 -3.29352e-08 1.56742e-07 -1.6943 3.52295e-10 -0.980989 -0.194064 1.45354 1.59011e-07 0.194065 -0.980991 0.20672 0 0 0 1 1 -3.92307e-08 1.55278e-07 -1.62933 3.50295e-10 -0.972363 -0.233474 1.45711 1.59003e-07 0.233475 -0.972365 0.252591 0 0 0 1 </float_array>
     <technique_common>
      <accessor source="#BaseIdle-1107-array" count="3" stride="16">
       <param name="TRANSFORM" type="float4x4"/>
      </accessor>
     </technique_common>
    </source>
    <sampler id="BaseIdle-1108">
     <input semantic="INPUT" source="#genericSource104"/>
     <input semantic="OUTPUT" source="#genericSource106"/>
    </sampler>
    <channel source="#BaseIdle-1108" target="ik-arm_r/SID_18"/>
   </animation>
   <animation id="keyframedAnimations109">
    <source id="genericSource110">
     <float_array id="BaseIdle-1111-array" count="3">0 1.66667 3.33333 </float_array>
     <technique_common>
      <accessor source="#BaseIdle-1111-array" count="3" stride="1">
       <param name="TIME" type="float"/>
      </accessor>
     </technique_common>
    </source>
    <source id="genericSource112">
     <float_array id="BaseIdle-1113-array" count="48">0.918832 0.394452 -0.0123996 1.19209e-07 -0.384133 0.901113 0.201062 1.48225 0.0904477 -0.180021 0.979493 -4.76837e-07 0 0 0 1 0.934204 0.356163 -0.0204419 1.19209e-07 -0.346845 0.92018 0.181548 1.48225 0.0834339 -0.162543 0.983157 -2.38419e-07 0 0 0 1 0.918832 0.394452 -0.0123996 1.19209e-07 -0.384133 0.901113 0.201062 1.48225 0.0904477 -0.180021 0.979493 -4.76837e-07 0 0 0 1 </float_array>
     <technique_common>
      <accessor source="#BaseIdle-1113-array" count="3" stride="16">
       <param name="TRANSFORM" type="float4x4"/>
      </accessor>
     </technique_common>
    </source>
    <sampler id="BaseIdle-1114">
     <input semantic="INPUT" source="#genericSource110"/>
     <input semantic="OUTPUT" source="#genericSource112"/>
    </sampler>
    <channel source="#BaseIdle-1114" target="Forearm_L/SID_19"/>
   </animation>
   <animation id="keyframedAnimations115">
    <source id="genericSource116">
     <float_array id="BaseIdle-1117-array" count="3">0 1.66667 3.33333 </float_array>
     <technique_common>
      <accessor source="#BaseIdle-1117-array" count="3" stride="1">
       <param name="TIME" type="float"/>
      </accessor>
     </technique_common>
    </source>
    <source id="genericSource118">
     <float_array id="BaseIdle-1119-array" count="48">0.994972 0.075469 -0.0658246 0.564175 -0.0611252 0.978282 0.198007 0.673397 0.0793501 -0.193029 0.977976 0.0790438 0 0 0 1 0.994972 0.075469 -0.0658246 0.564175 -0.0611252 0.978282 0.198007 0.673397 0.0793501 -0.193029 0.977976 0.0790438 0 0 0 1 0.994972 0.075469 -0.0658246 0.564175 -0.0611252 0.978282 0.198007 0.673397 0.0793501 -0.193029 0.977976 0.0790438 0 0 0 1 </float_array>
     <technique_common>
      <accessor source="#BaseIdle-1119-array" count="3" stride="16">
       <param name="TRANSFORM" type="float4x4"/>
      </accessor>
     </technique_common>
    </source>
    <sampler id="BaseIdle-1120">
     <input semantic="INPUT" source="#genericSource116"/>
     <input semantic="OUTPUT" source="#genericSource118"/>
    </sampler>
    <channel source="#BaseIdle-1120" target="Thigh_L/SID_20"/>
   </animation>
   <animation id="keyframedAnimations121">
    <source id="genericSource122">
     <float_array id="BaseIdle-1123-array" count="3">0 1.66667 3.33333 </float_array>
     <technique_common>
      <accessor source="#BaseIdle-1123-array" count="3" stride="1">
       <param name="TIME" type="float"/>
      </accessor>
     </technique_common>
    </source>
    <source id="genericSource124">
     <float_array id="BaseIdle-1125-array" count="48">1 1.37465e-09 7.34138e-08 -0.115424 -1.73225e-09 0.999988 0.00487115 -1.42855 -7.34063e-08 -0.00487115 0.999988 -5.97219 0 0 0 1 1 1.37465e-09 7.34138e-08 -0.115424 -1.73225e-09 0.999988 0.00487115 -1.42855 -7.34063e-08 -0.00487115 0.999988 -5.97219 0 0 0 1 1 1.37465e-09 7.34138e-08 -0.115424 -1.73225e-09 0.999988 0.00487115 -1.42855 -7.34063e-08 -0.00487115 0.999988 -5.97219 0 0 0 1 </float_array>
     <technique_common>
      <accessor source="#BaseIdle-1125-array" count="3" stride="16">
       <param name="TRANSFORM" type="float4x4"/>
      </accessor>
     </technique_common>
    </source>
    <sampler id="BaseIdle-1126">
     <input semantic="INPUT" source="#genericSource122"/>
     <input semantic="OUTPUT" source="#genericSource124"/>
    </sampler>
    <channel source="#BaseIdle-1126" target="Base/SID_21"/>
   </animation>
   <animation id="keyframedAnimations127">
    <source id="genericSource128">
     <float_array id="BaseIdle-1129-array" count="3">0 1.66667 3.33333 </float_array>
     <technique_common>
      <accessor source="#BaseIdle-1129-array" count="3" stride="1">
       <param name="TIME" type="float"/>
      </accessor>
     </technique_common>
    </source>
    <source id="genericSource130">
     <float_array id="BaseIdle-1131-array" count="48">1 2.38419e-07 -2.5332e-07 0 -2.08616e-07 0.993968 0.109665 0.186352 2.6077e-07 -0.109665 0.993969 0 0 0 0 1 1 2.38419e-07 -2.5332e-07 0 -2.08616e-07 0.993968 0.109665 0.186352 2.6077e-07 -0.109665 0.993969 0 0 0 0 1 1 2.38419e-07 -2.5332e-07 0 -2.08616e-07 0.993968 0.109665 0.186352 2.6077e-07 -0.109665 0.993969 0 0 0 0 1 </float_array>
     <technique_common>
      <accessor source="#BaseIdle-1131-array" count="3" stride="16">
       <param name="TRANSFORM" type="float4x4"/>
      </accessor>
     </technique_common>
    </source>
    <sampler id="BaseIdle-1132">
     <input semantic="INPUT" source="#genericSource128"/>
     <input semantic="OUTPUT" source="#genericSource130"/>
    </sampler>
    <channel source="#BaseIdle-1132" target="Index3_L/SID_22"/>
   </animation>
   <animation id="keyframedAnimations133">
    <source id="genericSource134">
     <float_array id="BaseIdle-1135-array" count="3">0 1.66667 3.33333 </float_array>
     <technique_common>
      <accessor source="#BaseIdle-1135-array" count="3" stride="1">
       <param name="TIME" type="float"/>
      </accessor>
     </technique_common>
    </source>
    <source id="genericSource136">
     <float_array id="BaseIdle-1137-array" count="48">1 -8.06252e-10 8.56141e-08 0.00198946 -1.41583e-09 -0.999975 0.00711751 0.518257 8.56594e-08 -0.00711751 -0.999804 -0.03162 0 0 0 1 1 -8.06252e-10 8.56141e-08 0.00198946 -1.41583e-09 -0.999975 0.00711751 0.518257 8.56594e-08 -0.00711751 -0.999804 -0.03162 0 0 0 1 1 -8.06252e-10 8.56141e-08 0.00198946 -1.41583e-09 -0.999975 0.00711751 0.518257 8.56594e-08 -0.00711751 -0.999804 -0.03162 0 0 0 1 </float_array>
     <technique_common>
      <accessor source="#BaseIdle-1137-array" count="3" stride="16">
       <param name="TRANSFORM" type="float4x4"/>
      </accessor>
     </technique_common>
    </source>
    <sampler id="BaseIdle-1138">
     <input semantic="INPUT" source="#genericSource134"/>
     <input semantic="OUTPUT" source="#genericSource136"/>
    </sampler>
    <channel source="#BaseIdle-1138" target="Root/SID_23"/>
   </animation>
   <animation id="keyframedAnimations139">
    <source id="genericSource140">
     <float_array id="BaseIdle-1141-array" count="3">0 1.66667 3.33333 </float_array>
     <technique_common>
      <accessor source="#BaseIdle-1141-array" count="3" stride="1">
       <param name="TIME" type="float"/>
      </accessor>
     </technique_common>
    </source>
    <source id="genericSource142">
     <float_array id="BaseIdle-1143-array" count="48">0.975707 -0.127638 0.178059 -0.133269 0.039986 0.902856 0.42808 0.799467 -0.215401 -0.410561 0.886026 0.0275304 0 0 0 1 0.975707 -0.127638 0.178059 -0.133269 0.039986 0.902856 0.42808 0.799467 -0.215401 -0.410561 0.886026 0.0275304 0 0 0 1 0.975707 -0.127638 0.178059 -0.133269 0.039986 0.902856 0.42808 0.799467 -0.215401 -0.410561 0.886026 0.0275304 0 0 0 1 </float_array>
     <technique_common>
      <accessor source="#BaseIdle-1143-array" count="3" stride="16">
       <param name="TRANSFORM" type="float4x4"/>
      </accessor>
     </technique_common>
    </source>
    <sampler id="BaseIdle-1144">
     <input semantic="INPUT" source="#genericSource140"/>
     <input semantic="OUTPUT" source="#genericSource142"/>
    </sampler>
    <channel source="#BaseIdle-1144" target="Index1_R/SID_24"/>
   </animation>
   <animation id="keyframedAnimations145">
    <source id="genericSource146">
     <float_array id="BaseIdle-1147-array" count="3">0 1.66667 3.33333 </float_array>
     <technique_common>
      <accessor source="#BaseIdle-1147-array" count="3" stride="1">
       <param name="TIME" type="float"/>
      </accessor>
     </technique_common>
    </source>
    <source id="genericSource148">
     <float_array id="BaseIdle-1149-array" count="48">-0.999997 -0.000372432 -0.00224886 -5.96046e-08 1.6722e-05 0.985337 -0.170617 1.21149 0.00227942 -0.170617 -0.985335 -1.49012e-08 0 0 0 1 -0.999997 -0.000372432 -0.00224886 -5.96046e-08 1.6722e-05 0.985337 -0.170617 1.21149 0.00227942 -0.170617 -0.985335 -1.49012e-08 0 0 0 1 -0.999997 -0.000372432 -0.00224886 -5.96046e-08 1.6722e-05 0.985337 -0.170617 1.21149 0.00227942 -0.170617 -0.985335 -1.49012e-08 0 0 0 1 </float_array>
     <technique_common>
      <accessor source="#BaseIdle-1149-array" count="3" stride="16">
       <param name="TRANSFORM" type="float4x4"/>
      </accessor>
     </technique_common>
    </source>
    <sampler id="BaseIdle-1150">
     <input semantic="INPUT" source="#genericSource146"/>
     <input semantic="OUTPUT" source="#genericSource148"/>
    </sampler>
    <channel source="#BaseIdle-1150" target="Toe_L/SID_25"/>
   </animation>
   <animation id="keyframedAnimations151">
    <source id="genericSource152">
     <float_array id="BaseIdle-1153-array" count="3">0 1.66667 3.33333 </float_array>
     <technique_common>
      <accessor source="#BaseIdle-1153-array" count="3" stride="1">
       <param name="TIME" type="float"/>
      </accessor>
     </technique_common>
    </source>
    <source id="genericSource154">
     <float_array id="BaseIdle-1155-array" count="48">1 -3.95094e-08 1.52415e-07 7.45058e-09 5.15786e-08 0.996547 -0.0830338 0.320046 -1.48632e-07 0.0830338 0.996547 -5.96046e-08 0 0 0 1 1 -2.89691e-08 1.51663e-07 7.45058e-09 3.71734e-08 0.998353 -0.0573778 0.320046 -1.49774e-07 0.0573778 0.998353 -5.96046e-08 0 0 0 1 1 -3.95094e-08 1.52415e-07 7.45058e-09 5.15786e-08 0.996547 -0.0830338 0.320046 -1.48632e-07 0.0830338 0.996547 -5.96046e-08 0 0 0 1 </float_array>
     <technique_common>
      <accessor source="#BaseIdle-1155-array" count="3" stride="16">
       <param name="TRANSFORM" type="float4x4"/>
      </accessor>
     </technique_common>
    </source>
    <sampler id="BaseIdle-1156">
     <input semantic="INPUT" source="#genericSource152"/>
     <input semantic="OUTPUT" source="#genericSource154"/>
    </sampler>
    <channel source="#BaseIdle-1156" target="Head/SID_26"/>
   </animation>
   <animation id="keyframedAnimations157">
    <source id="genericSource158">
     <float_array id="BaseIdle-1159-array" count="3">0 1.66667 3.33333 </float_array>
     <technique_common>
      <accessor source="#BaseIdle-1159-array" count="3" stride="1">
       <param name="TIME" type="float"/>
      </accessor>
     </technique_common>
    </source>
    <source id="genericSource160">
     <float_array id="BaseIdle-1161-array" count="48">0.955009 -0.0424839 -0.293519 0 0.100242 0.97768 0.184644 0.313621 0.279123 -0.20576 0.937952 -2.98023e-08 0 0 0 1 0.955009 -0.0424839 -0.293519 0 0.100242 0.97768 0.184644 0.313621 0.279123 -0.20576 0.937952 -2.98023e-08 0 0 0 1 0.955009 -0.0424839 -0.293519 0 0.100242 0.97768 0.184644 0.313621 0.279123 -0.20576 0.937952 -2.98023e-08 0 0 0 1 </float_array>
     <technique_common>
      <accessor source="#BaseIdle-1161-array" count="3" stride="16">
       <param name="TRANSFORM" type="float4x4"/>
      </accessor>
     </technique_common>
    </source>
    <sampler id="BaseIdle-1162">
     <input semantic="INPUT" source="#genericSource158"/>
     <input semantic="OUTPUT" source="#genericSource160"/>
    </sampler>
    <channel source="#BaseIdle-1162" target="Middle2_R/SID_27"/>
   </animation>
   <animation id="keyframedAnimations163">
    <source id="genericSource164">
     <float_array id="BaseIdle-1165-array" count="3">0 1.66667 3.33333 </float_array>
     <technique_common>
      <accessor source="#BaseIdle-1165-array" count="3" stride="1">
       <param name="TIME" type="float"/>
      </accessor>
     </technique_common>
    </source>
    <source id="genericSource166">
     <float_array id="BaseIdle-1167-array" count="48">-0.999997 0.000372433 0.00224886 0 -1.67212e-05 0.985338 -0.170617 1.21149 -0.00227942 -0.170617 -0.985335 -1.49012e-08 0 0 0 1 -0.999997 0.000372433 0.00224886 0 -1.67212e-05 0.985338 -0.170617 1.21149 -0.00227942 -0.170617 -0.985335 -1.49012e-08 0 0 0 1 -0.999997 0.000372433 0.00224886 0 -1.67212e-05 0.985338 -0.170617 1.21149 -0.00227942 -0.170617 -0.985335 -1.49012e-08 0 0 0 1 </float_array>
     <technique_common>
      <accessor source="#BaseIdle-1167-array" count="3" stride="16">
       <param name="TRANSFORM" type="float4x4"/>
      </accessor>
     </technique_common>
    </source>
    <sampler id="BaseIdle-1168">
     <input semantic="INPUT" source="#genericSource164"/>
     <input semantic="OUTPUT" source="#genericSource166"/>
    </sampler>
    <channel source="#BaseIdle-1168" target="Toe_R/SID_28"/>
   </animation>
   <animation id="keyframedAnimations169">
    <source id="genericSource170">
     <float_array id="BaseIdle-1171-array" count="3">0 1.66667 3.33333 </float_array>
     <technique_common>
      <accessor source="#BaseIdle-1171-array" count="3" stride="1">
       <param name="TIME" type="float"/>
      </accessor>
     </technique_common>
    </source>
    <source id="genericSource172">
     <float_array id="BaseIdle-1173-array" count="48">0.999493 -1.08965e-07 -0.0318293 0.762646 -0.0313145 -0.179116 -0.983329 -0.0815901 -0.00570102 0.983828 -0.179025 -0.349189 0 0 0 1 0.999493 -1.08965e-07 -0.0318293 0.762646 -0.0313145 -0.179116 -0.983329 -0.0815901 -0.00570102 0.983828 -0.179025 -0.349189 0 0 0 1 0.999493 -1.08965e-07 -0.0318293 0.762646 -0.0313145 -0.179116 -0.983329 -0.0815901 -0.00570102 0.983828 -0.179025 -0.349189 0 0 0 1 </float_array>
     <technique_common>
      <accessor source="#BaseIdle-1173-array" count="3" stride="16">
       <param name="TRANSFORM" type="float4x4"/>
      </accessor>
     </technique_common>
    </source>
    <sampler id="BaseIdle-1174">
     <input semantic="INPUT" source="#genericSource170"/>
     <input semantic="OUTPUT" source="#genericSource172"/>
    </sampler>
    <channel source="#BaseIdle-1174" target="ik-leg_L/SID_29"/>
   </animation>
   <animation id="keyframedAnimations175">
    <source id="genericSource176">
     <float_array id="BaseIdle-1177-array" count="3">0 1.66667 3.33333 </float_array>
     <technique_common>
      <accessor source="#BaseIdle-1177-array" count="3" stride="1">
       <param name="TIME" type="float"/>
      </accessor>
     </technique_common>
    </source>
    <source id="genericSource178">
     <float_array id="BaseIdle-1179-array" count="48">0.141741 0.0323183 -0.989376 1.60518 -0.186696 -0.980658 -0.0587801 1.4239 -0.972141 0.193045 -0.132966 0.335131 0 0 0 1 0.141741 0.0323183 -0.989376 1.60518 -0.186696 -0.980658 -0.0587801 1.42375 -0.972141 0.193045 -0.132966 0.268569 0 0 0 1 0.141741 0.0323183 -0.989376 1.60518 -0.186696 -0.980658 -0.0587801 1.4239 -0.972141 0.193045 -0.132966 0.335131 0 0 0 1 </float_array>
     <technique_common>
      <accessor source="#BaseIdle-1179-array" count="3" stride="16">
       <param name="TRANSFORM" type="float4x4"/>
      </accessor>
     </technique_common>
    </source>
    <sampler id="BaseIdle-1180">
     <input semantic="INPUT" source="#genericSource176"/>
     <input semantic="OUTPUT" source="#genericSource178"/>
    </sampler>
    <channel source="#BaseIdle-1180" target="ik-arm_l/SID_30"/>
   </animation>
   <animation id="keyframedAnimations181">
    <source id="genericSource182">
     <float_array id="BaseIdle-1183-array" count="3">0 1.66667 3.33333 </float_array>
     <technique_common>
      <accessor source="#BaseIdle-1183-array" count="3" stride="1">
       <param name="TIME" type="float"/>
      </accessor>
     </technique_common>
    </source>
    <source id="genericSource184">
     <float_array id="BaseIdle-1185-array" count="48">0.999493 -3.17314e-06 0.0318279 -0.81674 0.0293569 -0.38623 -0.921935 -0.146283 0.0122958 0.922402 -0.386034 -0.364627 0 0 0 1 0.999493 -3.17314e-06 0.0318279 -0.81674 0.0293569 -0.38623 -0.921935 -0.146283 0.0122958 0.922402 -0.386034 -0.364627 0 0 0 1 0.999493 -3.17314e-06 0.0318279 -0.81674 0.0293569 -0.38623 -0.921935 -0.146283 0.0122958 0.922402 -0.386034 -0.364627 0 0 0 1 </float_array>
     <technique_common>
      <accessor source="#BaseIdle-1185-array" count="3" stride="16">
       <param name="TRANSFORM" type="float4x4"/>
      </accessor>
     </technique_common>
    </source>
    <sampler id="BaseIdle-1186">
     <input semantic="INPUT" source="#genericSource182"/>
     <input semantic="OUTPUT" source="#genericSource184"/>
    </sampler>
    <channel source="#BaseIdle-1186" target="ik-leg_R/SID_31"/>
   </animation>
   <animation id="keyframedAnimations187">
    <source id="genericSource188">
     <float_array id="BaseIdle-1189-array" count="3">0 1.66667 3.33333 </float_array>
     <technique_common>
      <accessor source="#BaseIdle-1189-array" count="3" stride="1">
       <param name="TIME" type="float"/>
      </accessor>
     </technique_common>
    </source>
    <source id="genericSource190">
